"C.A.T"	"C.A"	"Season"	"Condition"	"A.expo"	"Sample"	"mmet"	"microlitres.standar"	"miligrams"	"microlitres"	"inyection.microlitres"	"microlitres.standar.1"	"Area.standar.porc"	"We.needle.grams"	"microlitres.metabolites"	"metabolite"	"measurement"	"standar.add"	"target.mg"	"X3"	"miligrams.in.grneedle"	"miligrams.in.hundredgr"
"tolerant-2015-MC"	"tolerant-2015"	"MC"	"tolerant"	2015	"MCH1-15"	3	82.34	10	1000	2	10	82.34	1.03	490	"beta.pinene"	0.79	0.0016468	1.58e-05	0.003871	0.375825242718447	375.825242718447
"tolerant-2015-MC"	"tolerant-2015"	"MC"	"tolerant"	2015	"MCH2-15"	5	25.06	10	1000	2	10	25.06	1.058	490	"beta.pinene"	0	0.0005012	0	0	0	0
"tolerant-2015-MC"	"tolerant-2015"	"MC"	"tolerant"	2015	"MCH3-15"	6	44.33	10	1000	2	10	44.33	1.08	490	"beta.pinene"	7.44	0.0008866	0.0001488	0.036456	3.37555555555556	3375.55555555556
"tolerant-2015-MC"	"tolerant-2015"	"MC"	"tolerant"	2015	"MCH4-15"	7	26.03	10	1000	2	10	26.03	1.082	490	"beta.pinene"	6.86	0.0005206	0.0001372	0.033614	3.10665434380776	3106.65434380776
"tolerant-2015-MC"	"tolerant-2015"	"MC"	"tolerant"	2015	"MCH5-15"	8	28.85	10	1000	2	10	28.85	1.053	490	"beta.pinene"	7.27	0.000577	0.0001454	0.035623	3.38300094966762	3383.00094966762
"tolerant-2016-MC"	"tolerant-2016"	"MC"	"tolerant"	2016	"MCH1-16"	9	53.88	10	1000	2	10	53.88	1.075	490	"beta.pinene"	0	0.0010776	0	0	0	0
"tolerant-2016-MC"	"tolerant-2016"	"MC"	"tolerant"	2016	"MCH2-16"	10	47.46	10	1000	2	10	47.46	1.012	490	"beta.pinene"	4.81	0.0009492	9.62e-05	0.023569	2.32895256916996	2328.95256916996
"tolerant-2016-MC"	"tolerant-2016"	"MC"	"tolerant"	2016	"MCH3-16"	11	76.12	10	1000	2	10	76.12	1.068	490	"beta.pinene"	0	0.0015224	0	0	0	0
"tolerant-2016-MC"	"tolerant-2016"	"MC"	"tolerant"	2016	"MCH4-16"	12	68.18	10	1000	2	10	68.18	0.794	490	"beta.pinene"	1.04	0.0013636	2.08e-05	0.005096	0.641813602015113	641.813602015113
"tolerant-2016-MC"	"tolerant-2016"	"MC"	"tolerant"	2016	"MCH5-16"	13	56.81	10	1000	2	10	56.81	1.017	490	"beta.pinene"	1.3	0.0011362	2.6e-05	0.00637	0.626352015732547	626.352015732547
"damaged-2015-MC"	"damaged-2015"	"MC"	"damaged"	2015	"MCD1-15"	14	70.26	10	1000	2	10	70.26	1.069	490	"beta.pinene"	0	0.0014052	0	0	0	0
"damaged-2015-MC"	"damaged-2015"	"MC"	"damaged"	2015	"MCD2-15"	15	124.58	10	1000	2	10	124.58	1.085	490	"beta.pinene"	0	0.0024916	0	0	0	0
"damaged-2015-MC"	"damaged-2015"	"MC"	"damaged"	2015	"MCD3-15"	16	67.68	10	1000	2	10	67.68	1.07	490	"beta.pinene"	1.03	0.0013536	2.06e-05	0.005047	0.471682242990654	471.682242990654
"damaged-2015-MC"	"damaged-2015"	"MC"	"damaged"	2015	"MCD4-15"	17	77.92	10	1000	2	10	77.92	1.026	490	"beta.pinene"	0	0.0015584	0	0	0	0
"damaged-2015-MC"	"damaged-2015"	"MC"	"damaged"	2015	"MCD5-15"	46	25.66	1	1000	2	50	25.66	0.88	450	"beta.pinene"	4.37	5.132e-05	8.74e-06	0.0019665	0.223465909090909	223.465909090909
"damaged-2016-MC"	"damaged-2016"	"MC"	"damaged"	2016	"MCD1-16"	18	20.99	1	1000	2	50	20.99	1.017	450	"beta.pinene"	2.33	4.198e-05	4.66e-06	0.0010485	0.103097345132743	103.097345132743
"damaged-2016-MC"	"damaged-2016"	"MC"	"damaged"	2016	"MCD2-16"	19	28.36	1	1000	2	50	28.36	1.02	450	"beta.pinene"	2.69	5.672e-05	5.38e-06	0.0012105	0.118676470588235	118.676470588235
"damaged-2016-MC"	"damaged-2016"	"MC"	"damaged"	2016	"MCD3-16"	20	23.68	1	1000	2	50	23.68	1.081	450	"beta.pinene"	0	4.736e-05	0	0	0	0
"damaged-2016-MC"	"damaged-2016"	"MC"	"damaged"	2016	"MCD4-16"	21	30.78	1	1000	2	50	30.78	1.061	450	"beta.pinene"	0	6.156e-05	0	0	0	0
"damaged-2016-MC"	"damaged-2016"	"MC"	"damaged"	2016	"MCD5-16"	22	27.42	1	1000	2	50	27.42	1.058	450	"beta.pinene"	2.01	5.484e-05	4.02e-06	0.0009045	0.0854914933837429	85.4914933837429
"tolerant-2015-Conti"	"tolerant-2015"	"Conti"	"tolerant"	2015	"ContiH1-15"	33	28.38	1	1000	2	50	28.38	0.865	450	"beta.pinene"	2.25	5.676e-05	4.5e-06	0.0010125	0.117052023121387	117.052023121387
"tolerant-2015-Conti"	"tolerant-2015"	"Conti"	"tolerant"	2015	"ContiH2-15"	34	54.42	1	1000	2	50	54.42	0.904	450	"beta.pinene"	0	0.00010884	0	0	0	0
"tolerant-2015-Conti"	"tolerant-2015"	"Conti"	"tolerant"	2015	"ContiH3-15"	35	25.79	1	1000	2	50	25.79	0.865	450	"beta.pinene"	6.99	5.158e-05	1.398e-05	0.0031455	0.36364161849711	363.64161849711
"tolerant-2015-Conti"	"tolerant-2015"	"Conti"	"tolerant"	2015	"ContiH4-15"	36	34.31	1	1000	2	50	34.31	0.861	450	"beta.pinene"	2.24	6.862e-05	4.48e-06	0.001008	0.117073170731707	117.073170731707
"tolerant-2015-Conti"	"tolerant-2015"	"Conti"	"tolerant"	2015	"ContiH5-15"	45	21.13	1	1000	2	50	21.13	0.862	450	"beta.pinene"	0	4.226e-05	0	0	0	0
"tolerant-2016-Conti"	"tolerant-2016"	"Conti"	"tolerant"	2016	"ContiH1-16"	39	22.96	1	1000	2	50	22.96	0.85	450	"beta.pinene"	3.66	4.592e-05	7.32e-06	0.001647	0.193764705882353	193.764705882353
"tolerant-2016-Conti"	"tolerant-2016"	"Conti"	"tolerant"	2016	"ContiH2-16"	40	33.69	1	1000	2	50	33.69	0.873	450	"beta.pinene"	7.18	6.738e-05	1.436e-05	0.003231	0.370103092783505	370.103092783505
"tolerant-2016-Conti"	"tolerant-2016"	"Conti"	"tolerant"	2016	"ContiH3-16"	41	24.46	1	1000	2	50	24.46	0.875	450	"beta.pinene"	5.22	4.892e-05	1.044e-05	0.002349	0.268457142857143	268.457142857143
"tolerant-2016-Conti"	"tolerant-2016"	"Conti"	"tolerant"	2016	"ContiH4-16"	42	28.35	1	1000	2	50	28.35	0.917	450	"beta.pinene"	2.78	5.67e-05	5.56e-06	0.001251	0.136423118865867	136.423118865867
"tolerant-2016-Conti"	"tolerant-2016"	"Conti"	"tolerant"	2016	"ContiH5-16"	43	12.33	1	1000	2	50	12.33	0.862	450	"beta.pinene"	7.61	2.466e-05	1.522e-05	0.0034245	0.397273781902552	397.273781902552
"damaged-2015-Conti"	"damaged-2015"	"Conti"	"damaged"	2015	"ContiD1-15"	23	9.81	1	1000	2	50	9.81	0.897	450	"beta.pinene"	0	1.962e-05	0	0	0	0
"damaged-2015-Conti"	"damaged-2015"	"Conti"	"damaged"	2015	"ContiD2-15"	24	15.69	1	1000	2	50	15.69	0.91	450	"beta.pinene"	2.03	3.138e-05	4.06e-06	0.0009135	0.100384615384615	100.384615384615
"damaged-2015-Conti"	"damaged-2015"	"Conti"	"damaged"	2015	"ContiD3-15"	44	27.02	1	1000	2	50	27.02	0.881	450	"beta.pinene"	0	5.404e-05	0	0	0	0
"damaged-2015-Conti"	"damaged-2015"	"Conti"	"damaged"	2015	"ContiD4-15"	26	41.29	1	1000	2	50	41.29	0.901	450	"beta.pinene"	1.79	8.258e-05	3.58e-06	0.0008055	0.0894006659267481	89.4006659267481
"damaged-2015-Conti"	"damaged-2015"	"Conti"	"damaged"	2015	"ContiD5-15"	27	32.75	1	1000	2	50	32.75	0.865	450	"beta.pinene"	1.69	6.55e-05	3.38e-06	0.0007605	0.0879190751445087	87.9190751445087
"damaged-2016-Conti"	"damaged-2016"	"Conti"	"damaged"	2016	"ContiD1-16"	29	19.73	1	1000	2	50	19.73	0.896	450	"beta.pinene"	4.37	3.946e-05	8.74e-06	0.0019665	0.219475446428571	219.475446428571
"damaged-2016-Conti"	"damaged-2016"	"Conti"	"damaged"	2016	"ContiD2-16"	30	22.09	1	1000	2	50	22.09	0.897	450	"beta.pinene"	6.3	4.418e-05	1.26e-05	0.002835	0.316053511705686	316.053511705686
"damaged-2016-Conti"	"damaged-2016"	"Conti"	"damaged"	2016	"ContiD3-16"	31	28.3	1	1000	2	50	28.3	0.897	450	"beta.pinene"	0	5.66e-05	0	0	0	0
"damaged-2016-Conti"	"damaged-2016"	"Conti"	"damaged"	2016	"ContiD4-16"	32	27.42	1	1000	2	50	27.42	0.912	450	"beta.pinene"	4.09	5.484e-05	8.18e-06	0.0018405	0.201809210526316	201.809210526316
"damaged-2016-Conti"	"damaged-2016"	"Conti"	"damaged"	2016	"ContiD5-16"	38	31.64	1	1000	2	50	31.64	0.892	450	"beta.pinene"	1.27	6.328e-05	2.54e-06	0.0005715	0.0640695067264574	64.0695067264574
"tolerant-2015-MC"	"tolerant-2015"	"MC"	"tolerant"	2015	"MCH1-15"	3	82.34	10	1000	2	10	82.34	1.03	490	"L.alfa.bornyl.acetate"	0.47	0.0016468	9.4e-06	0.002303	0.223592233009709	223.592233009709
"tolerant-2015-MC"	"tolerant-2015"	"MC"	"tolerant"	2015	"MCH2-15"	5	25.06	10	1000	2	10	25.06	1.058	490	"L.alfa.bornyl.acetate"	8	0.0005012	0.00016	0.0392	3.70510396975425	3705.10396975425
"tolerant-2015-MC"	"tolerant-2015"	"MC"	"tolerant"	2015	"MCH3-15"	6	44.33	10	1000	2	10	44.33	1.08	490	"L.alfa.bornyl.acetate"	4.66	0.0008866	9.32e-05	0.022834	2.11425925925926	2114.25925925926
"tolerant-2015-MC"	"tolerant-2015"	"MC"	"tolerant"	2015	"MCH4-15"	7	26.03	10	1000	2	10	26.03	1.082	490	"L.alfa.bornyl.acetate"	3.01	0.0005206	6.02e-05	0.014749	1.36312384473198	1363.12384473198
"tolerant-2015-MC"	"tolerant-2015"	"MC"	"tolerant"	2015	"MCH5-15"	8	28.85	10	1000	2	10	28.85	1.053	490	"L.alfa.bornyl.acetate"	6.4	0.000577	0.000128	0.03136	2.97815764482431	2978.15764482431
"tolerant-2016-MC"	"tolerant-2016"	"MC"	"tolerant"	2016	"MCH1-16"	9	53.88	10	1000	2	10	53.88	1.075	490	"L.alfa.bornyl.acetate"	5.64	0.0010776	0.0001128	0.027636	2.57079069767442	2570.79069767442
"tolerant-2016-MC"	"tolerant-2016"	"MC"	"tolerant"	2016	"MCH2-16"	10	47.46	10	1000	2	10	47.46	1.012	490	"L.alfa.bornyl.acetate"	6.83	0.0009492	0.0001366	0.033467	3.30701581027668	3307.01581027668
"tolerant-2016-MC"	"tolerant-2016"	"MC"	"tolerant"	2016	"MCH3-16"	11	76.12	10	1000	2	10	76.12	1.068	490	"L.alfa.bornyl.acetate"	10.77	0.0015224	0.0002154	0.052773	4.94129213483146	4941.29213483146
"tolerant-2016-MC"	"tolerant-2016"	"MC"	"tolerant"	2016	"MCH4-16"	12	68.18	10	1000	2	10	68.18	0.794	490	"L.alfa.bornyl.acetate"	2.09	0.0013636	4.18e-05	0.010241	1.28979848866499	1289.79848866499
"tolerant-2016-MC"	"tolerant-2016"	"MC"	"tolerant"	2016	"MCH5-16"	13	56.81	10	1000	2	10	56.81	1.017	490	"L.alfa.bornyl.acetate"	3.82	0.0011362	7.64e-05	0.018718	1.84051130776795	1840.51130776795
"damaged-2015-MC"	"damaged-2015"	"MC"	"damaged"	2015	"MCD1-15"	14	70.26	10	1000	2	10	70.26	1.069	490	"L.alfa.bornyl.acetate"	1.08	0.0014052	2.16e-05	0.005292	0.495042095416277	495.042095416277
"damaged-2015-MC"	"damaged-2015"	"MC"	"damaged"	2015	"MCD2-15"	15	124.58	10	1000	2	10	124.58	1.085	490	"L.alfa.bornyl.acetate"	0	0.0024916	0	0	0	0
"damaged-2015-MC"	"damaged-2015"	"MC"	"damaged"	2015	"MCD3-15"	16	67.68	10	1000	2	10	67.68	1.07	490	"L.alfa.bornyl.acetate"	0	0.0013536	0	0	0	0
"damaged-2015-MC"	"damaged-2015"	"MC"	"damaged"	2015	"MCD4-15"	17	77.92	10	1000	2	10	77.92	1.026	490	"L.alfa.bornyl.acetate"	2.44	0.0015584	4.88e-05	0.011956	1.16530214424951	1165.30214424951
"damaged-2015-MC"	"damaged-2015"	"MC"	"damaged"	2015	"MCD5-15"	46	25.66	1	1000	2	50	25.66	0.88	450	"L.alfa.bornyl.acetate"	3.95	5.132e-05	7.9e-06	0.0017775	0.201988636363636	201.988636363636
"damaged-2016-MC"	"damaged-2016"	"MC"	"damaged"	2016	"MCD1-16"	18	20.99	1	1000	2	50	20.99	1.017	450	"L.alfa.bornyl.acetate"	0	4.198e-05	0	0	0	0
"damaged-2016-MC"	"damaged-2016"	"MC"	"damaged"	2016	"MCD2-16"	19	28.36	1	1000	2	50	28.36	1.02	450	"L.alfa.bornyl.acetate"	7.97	5.672e-05	1.594e-05	0.0035865	0.351617647058823	351.617647058823
"damaged-2016-MC"	"damaged-2016"	"MC"	"damaged"	2016	"MCD3-16"	20	23.68	1	1000	2	50	23.68	1.081	450	"L.alfa.bornyl.acetate"	10.53	4.736e-05	2.106e-05	0.0047385	0.438344125809436	438.344125809436
"damaged-2016-MC"	"damaged-2016"	"MC"	"damaged"	2016	"MCD4-16"	21	30.78	1	1000	2	50	30.78	1.061	450	"L.alfa.bornyl.acetate"	0	6.156e-05	0	0	0	0
"damaged-2016-MC"	"damaged-2016"	"MC"	"damaged"	2016	"MCD5-16"	22	27.42	1	1000	2	50	27.42	1.058	450	"L.alfa.bornyl.acetate"	0	5.484e-05	0	0	0	0
"tolerant-2015-Conti"	"tolerant-2015"	"Conti"	"tolerant"	2015	"ContiH1-15"	33	28.38	1	1000	2	50	28.38	0.865	450	"L.alfa.bornyl.acetate"	0	5.676e-05	0	0	0	0
"tolerant-2015-Conti"	"tolerant-2015"	"Conti"	"tolerant"	2015	"ContiH2-15"	34	54.42	1	1000	2	50	54.42	0.904	450	"L.alfa.bornyl.acetate"	5.68	0.00010884	1.136e-05	0.002556	0.282743362831858	282.743362831858
"tolerant-2015-Conti"	"tolerant-2015"	"Conti"	"tolerant"	2015	"ContiH3-15"	35	25.79	1	1000	2	50	25.79	0.865	450	"L.alfa.bornyl.acetate"	0	5.158e-05	0	0	0	0
"tolerant-2015-Conti"	"tolerant-2015"	"Conti"	"tolerant"	2015	"ContiH4-15"	36	34.31	1	1000	2	50	34.31	0.861	450	"L.alfa.bornyl.acetate"	0	6.862e-05	0	0	0	0
"tolerant-2015-Conti"	"tolerant-2015"	"Conti"	"tolerant"	2015	"ContiH5-15"	45	21.13	1	1000	2	50	21.13	0.862	450	"L.alfa.bornyl.acetate"	6.73	4.226e-05	1.346e-05	0.0030285	0.351334106728538	351.334106728538
"tolerant-2016-Conti"	"tolerant-2016"	"Conti"	"tolerant"	2016	"ContiH1-16"	39	22.96	1	1000	2	50	22.96	0.85	450	"L.alfa.bornyl.acetate"	0	4.592e-05	0	0	0	0
"tolerant-2016-Conti"	"tolerant-2016"	"Conti"	"tolerant"	2016	"ContiH2-16"	40	33.69	1	1000	2	50	33.69	0.873	450	"L.alfa.bornyl.acetate"	7.63	6.738e-05	1.526e-05	0.0034335	0.393298969072165	393.298969072165
"tolerant-2016-Conti"	"tolerant-2016"	"Conti"	"tolerant"	2016	"ContiH3-16"	41	24.46	1	1000	2	50	24.46	0.875	450	"L.alfa.bornyl.acetate"	8.25	4.892e-05	1.65e-05	0.0037125	0.424285714285714	424.285714285714
"tolerant-2016-Conti"	"tolerant-2016"	"Conti"	"tolerant"	2016	"ContiH4-16"	42	28.35	1	1000	2	50	28.35	0.917	450	"L.alfa.bornyl.acetate"	3.29	5.67e-05	6.58e-06	0.0014805	0.161450381679389	161.450381679389
"tolerant-2016-Conti"	"tolerant-2016"	"Conti"	"tolerant"	2016	"ContiH5-16"	43	12.33	1	1000	2	50	12.33	0.862	450	"L.alfa.bornyl.acetate"	6.74	2.466e-05	1.348e-05	0.003033	0.351856148491879	351.856148491879
"damaged-2015-Conti"	"damaged-2015"	"Conti"	"damaged"	2015	"ContiD1-15"	23	9.81	1	1000	2	50	9.81	0.897	450	"L.alfa.bornyl.acetate"	0	1.962e-05	0	0	0	0
"damaged-2015-Conti"	"damaged-2015"	"Conti"	"damaged"	2015	"ContiD2-15"	24	15.69	1	1000	2	50	15.69	0.91	450	"L.alfa.bornyl.acetate"	2.9	3.138e-05	5.8e-06	0.001305	0.143406593406593	143.406593406593
"damaged-2015-Conti"	"damaged-2015"	"Conti"	"damaged"	2015	"ContiD3-15"	44	27.02	1	1000	2	50	27.02	0.881	450	"L.alfa.bornyl.acetate"	8.55	5.404e-05	1.71e-05	0.0038475	0.436719636776391	436.719636776391
"damaged-2015-Conti"	"damaged-2015"	"Conti"	"damaged"	2015	"ContiD4-15"	26	41.29	1	1000	2	50	41.29	0.901	450	"L.alfa.bornyl.acetate"	6.52	8.258e-05	1.304e-05	0.002934	0.325638179800222	325.638179800222
"damaged-2015-Conti"	"damaged-2015"	"Conti"	"damaged"	2015	"ContiD5-15"	27	32.75	1	1000	2	50	32.75	0.865	450	"L.alfa.bornyl.acetate"	7.07	6.55e-05	1.414e-05	0.0031815	0.367803468208093	367.803468208093
"damaged-2016-Conti"	"damaged-2016"	"Conti"	"damaged"	2016	"ContiD1-16"	29	19.73	1	1000	2	50	19.73	0.896	450	"L.alfa.bornyl.acetate"	2.84	3.946e-05	5.68e-06	0.001278	0.142633928571429	142.633928571429
"damaged-2016-Conti"	"damaged-2016"	"Conti"	"damaged"	2016	"ContiD2-16"	30	22.09	1	1000	2	50	22.09	0.897	450	"L.alfa.bornyl.acetate"	3.66	4.418e-05	7.32e-06	0.001647	0.183612040133779	183.612040133779
"damaged-2016-Conti"	"damaged-2016"	"Conti"	"damaged"	2016	"ContiD3-16"	31	28.3	1	1000	2	50	28.3	0.897	450	"L.alfa.bornyl.acetate"	8.61	5.66e-05	1.722e-05	0.0038745	0.431939799331104	431.939799331104
"damaged-2016-Conti"	"damaged-2016"	"Conti"	"damaged"	2016	"ContiD4-16"	32	27.42	1	1000	2	50	27.42	0.912	450	"L.alfa.bornyl.acetate"	13.92	5.484e-05	2.784e-05	0.006264	0.686842105263158	686.842105263158
"damaged-2016-Conti"	"damaged-2016"	"Conti"	"damaged"	2016	"ContiD5-16"	38	31.64	1	1000	2	50	31.64	0.892	450	"L.alfa.bornyl.acetate"	7.55	6.328e-05	1.51e-05	0.0033975	0.380885650224215	380.885650224215
"tolerant-2015-MC"	"tolerant-2015"	"MC"	"tolerant"	2015	"MCH1-15"	3	82.34	10	1000	2	10	82.34	1.03	490	"beta.Caryophyllene.oxide"	3.61	0.0016468	7.22e-05	0.017689	1.7173786407767	1717.3786407767
"tolerant-2015-MC"	"tolerant-2015"	"MC"	"tolerant"	2015	"MCH2-15"	5	25.06	10	1000	2	10	25.06	1.058	490	"beta.Caryophyllene.oxide"	10.14	0.0005012	0.0002028	0.049686	4.69621928166352	4696.21928166352
"tolerant-2015-MC"	"tolerant-2015"	"MC"	"tolerant"	2015	"MCH3-15"	6	44.33	10	1000	2	10	44.33	1.08	490	"beta.Caryophyllene.oxide"	12.21	0.0008866	0.0002442	0.059829	5.53972222222222	5539.72222222222
"tolerant-2015-MC"	"tolerant-2015"	"MC"	"tolerant"	2015	"MCH4-15"	7	26.03	10	1000	2	10	26.03	1.082	490	"beta.Caryophyllene.oxide"	12.12	0.0005206	0.0002424	0.059388	5.48872458410351	5488.72458410351
"tolerant-2015-MC"	"tolerant-2015"	"MC"	"tolerant"	2015	"MCH5-15"	8	28.85	10	1000	2	10	28.85	1.053	490	"beta.Caryophyllene.oxide"	10.97	0.000577	0.0002194	0.053753	5.10474833808167	5104.74833808167
"tolerant-2016-MC"	"tolerant-2016"	"MC"	"tolerant"	2016	"MCH1-16"	9	53.88	10	1000	2	10	53.88	1.075	490	"beta.Caryophyllene.oxide"	13.91	0.0010776	0.0002782	0.068159	6.34037209302326	6340.37209302326
"tolerant-2016-MC"	"tolerant-2016"	"MC"	"tolerant"	2016	"MCH2-16"	10	47.46	10	1000	2	10	47.46	1.012	490	"beta.Caryophyllene.oxide"	9.32	0.0009492	0.0001864	0.045668	4.51264822134387	4512.64822134387
"tolerant-2016-MC"	"tolerant-2016"	"MC"	"tolerant"	2016	"MCH3-16"	11	76.12	10	1000	2	10	76.12	1.068	490	"beta.Caryophyllene.oxide"	6.62	0.0015224	0.0001324	0.032438	3.037265917603	3037.265917603
"tolerant-2016-MC"	"tolerant-2016"	"MC"	"tolerant"	2016	"MCH4-16"	12	68.18	10	1000	2	10	68.18	0.794	490	"beta.Caryophyllene.oxide"	4.58	0.0013636	9.16e-05	0.022442	2.8264483627204	2826.4483627204
"tolerant-2016-MC"	"tolerant-2016"	"MC"	"tolerant"	2016	"MCH5-16"	13	56.81	10	1000	2	10	56.81	1.017	490	"beta.Caryophyllene.oxide"	5.02	0.0011362	0.0001004	0.024598	2.41868239921337	2418.68239921337
"damaged-2015-MC"	"damaged-2015"	"MC"	"damaged"	2015	"MCD1-15"	14	70.26	10	1000	2	10	70.26	1.069	490	"beta.Caryophyllene.oxide"	4.95	0.0014052	9.9e-05	0.024255	2.2689429373246	2268.9429373246
"damaged-2015-MC"	"damaged-2015"	"MC"	"damaged"	2015	"MCD2-15"	15	124.58	10	1000	2	10	124.58	1.085	490	"beta.Caryophyllene.oxide"	2.06	0.0024916	4.12e-05	0.010094	0.930322580645161	930.322580645161
"damaged-2015-MC"	"damaged-2015"	"MC"	"damaged"	2015	"MCD3-15"	16	67.68	10	1000	2	10	67.68	1.07	490	"beta.Caryophyllene.oxide"	5.15	0.0013536	0.000103	0.025235	2.35841121495327	2358.41121495327
"damaged-2015-MC"	"damaged-2015"	"MC"	"damaged"	2015	"MCD4-15"	17	77.92	10	1000	2	10	77.92	1.026	490	"beta.Caryophyllene.oxide"	5.83	0.0015584	0.0001166	0.028567	2.78430799220273	2784.30799220273
"damaged-2015-MC"	"damaged-2015"	"MC"	"damaged"	2015	"MCD5-15"	46	25.66	1	1000	2	50	25.66	0.88	450	"beta.Caryophyllene.oxide"	9.36	5.132e-05	1.872e-05	0.004212	0.478636363636364	478.636363636364
"damaged-2016-MC"	"damaged-2016"	"MC"	"damaged"	2016	"MCD1-16"	18	20.99	1	1000	2	50	20.99	1.017	450	"beta.Caryophyllene.oxide"	0	4.198e-05	0	0	0	0
"damaged-2016-MC"	"damaged-2016"	"MC"	"damaged"	2016	"MCD2-16"	19	28.36	1	1000	2	50	28.36	1.02	450	"beta.Caryophyllene.oxide"	5.36	5.672e-05	1.072e-05	0.002412	0.236470588235294	236.470588235294
"damaged-2016-MC"	"damaged-2016"	"MC"	"damaged"	2016	"MCD3-16"	20	23.68	1	1000	2	50	23.68	1.081	450	"beta.Caryophyllene.oxide"	11.94	4.736e-05	2.388e-05	0.005373	0.497039777983349	497.039777983349
"damaged-2016-MC"	"damaged-2016"	"MC"	"damaged"	2016	"MCD4-16"	21	30.78	1	1000	2	50	30.78	1.061	450	"beta.Caryophyllene.oxide"	16.78	6.156e-05	3.356e-05	0.007551	0.711687087653158	711.687087653158
"damaged-2016-MC"	"damaged-2016"	"MC"	"damaged"	2016	"MCD5-16"	22	27.42	1	1000	2	50	27.42	1.058	450	"beta.Caryophyllene.oxide"	9.42	5.484e-05	1.884e-05	0.004239	0.400661625708885	400.661625708885
"tolerant-2015-Conti"	"tolerant-2015"	"Conti"	"tolerant"	2015	"ContiH1-15"	33	28.38	1	1000	2	50	28.38	0.865	450	"beta.Caryophyllene.oxide"	18.95	5.676e-05	3.79e-05	0.0085275	0.985838150289017	985.838150289017
"tolerant-2015-Conti"	"tolerant-2015"	"Conti"	"tolerant"	2015	"ContiH2-15"	34	54.42	1	1000	2	50	54.42	0.904	450	"beta.Caryophyllene.oxide"	17.09	0.00010884	3.418e-05	0.0076905	0.850719026548673	850.719026548673
"tolerant-2015-Conti"	"tolerant-2015"	"Conti"	"tolerant"	2015	"ContiH3-15"	35	25.79	1	1000	2	50	25.79	0.865	450	"beta.Caryophyllene.oxide"	11.03	5.158e-05	2.206e-05	0.0049635	0.573815028901734	573.815028901734
"tolerant-2015-Conti"	"tolerant-2015"	"Conti"	"tolerant"	2015	"ContiH4-15"	36	34.31	1	1000	2	50	34.31	0.861	450	"beta.Caryophyllene.oxide"	0	6.862e-05	0	0	0	0
"tolerant-2015-Conti"	"tolerant-2015"	"Conti"	"tolerant"	2015	"ContiH5-15"	45	21.13	1	1000	2	50	21.13	0.862	450	"beta.Caryophyllene.oxide"	9.39	4.226e-05	1.878e-05	0.0042255	0.490197215777262	490.197215777262
"tolerant-2016-Conti"	"tolerant-2016"	"Conti"	"tolerant"	2016	"ContiH1-16"	39	22.96	1	1000	2	50	22.96	0.85	450	"beta.Caryophyllene.oxide"	18.25	4.592e-05	3.65e-05	0.0082125	0.966176470588235	966.176470588235
"tolerant-2016-Conti"	"tolerant-2016"	"Conti"	"tolerant"	2016	"ContiH2-16"	40	33.69	1	1000	2	50	33.69	0.873	450	"beta.Caryophyllene.oxide"	15.81	6.738e-05	3.162e-05	0.0071145	0.814948453608247	814.948453608247
"tolerant-2016-Conti"	"tolerant-2016"	"Conti"	"tolerant"	2016	"ContiH3-16"	41	24.46	1	1000	2	50	24.46	0.875	450	"beta.Caryophyllene.oxide"	11.23	4.892e-05	2.246e-05	0.0050535	0.577542857142857	577.542857142857
"tolerant-2016-Conti"	"tolerant-2016"	"Conti"	"tolerant"	2016	"ContiH4-16"	42	28.35	1	1000	2	50	28.35	0.917	450	"beta.Caryophyllene.oxide"	11.69	5.67e-05	2.338e-05	0.0052605	0.573664122137404	573.664122137404
"tolerant-2016-Conti"	"tolerant-2016"	"Conti"	"tolerant"	2016	"ContiH5-16"	43	12.33	1	1000	2	50	12.33	0.862	450	"beta.Caryophyllene.oxide"	10.51	2.466e-05	2.102e-05	0.0047295	0.548665893271462	548.665893271462
"damaged-2015-Conti"	"damaged-2015"	"Conti"	"damaged"	2015	"ContiD1-15"	23	9.81	1	1000	2	50	9.81	0.897	450	"beta.Caryophyllene.oxide"	16.57	1.962e-05	3.314e-05	0.0074565	0.831270903010034	831.270903010034
"damaged-2015-Conti"	"damaged-2015"	"Conti"	"damaged"	2015	"ContiD2-15"	24	15.69	1	1000	2	50	15.69	0.91	450	"beta.Caryophyllene.oxide"	10.9	3.138e-05	2.18e-05	0.004905	0.539010989010989	539.010989010989
"damaged-2015-Conti"	"damaged-2015"	"Conti"	"damaged"	2015	"ContiD3-15"	44	27.02	1	1000	2	50	27.02	0.881	450	"beta.Caryophyllene.oxide"	9.98	5.404e-05	1.996e-05	0.004491	0.509761634506243	509.761634506243
"damaged-2015-Conti"	"damaged-2015"	"Conti"	"damaged"	2015	"ContiD4-15"	26	41.29	1	1000	2	50	41.29	0.901	450	"beta.Caryophyllene.oxide"	15.44	8.258e-05	3.088e-05	0.006948	0.771143174250832	771.143174250832
"damaged-2015-Conti"	"damaged-2015"	"Conti"	"damaged"	2015	"ContiD5-15"	27	32.75	1	1000	2	50	32.75	0.865	450	"beta.Caryophyllene.oxide"	5.05	6.55e-05	1.01e-05	0.0022725	0.26271676300578	262.71676300578
"damaged-2016-Conti"	"damaged-2016"	"Conti"	"damaged"	2016	"ContiD1-16"	29	19.73	1	1000	2	50	19.73	0.896	450	"beta.Caryophyllene.oxide"	15.2	3.946e-05	3.04e-05	0.00684	0.763392857142857	763.392857142857
"damaged-2016-Conti"	"damaged-2016"	"Conti"	"damaged"	2016	"ContiD2-16"	30	22.09	1	1000	2	50	22.09	0.897	450	"beta.Caryophyllene.oxide"	9.41	4.418e-05	1.882e-05	0.0042345	0.472073578595318	472.073578595318
"damaged-2016-Conti"	"damaged-2016"	"Conti"	"damaged"	2016	"ContiD3-16"	31	28.3	1	1000	2	50	28.3	0.897	450	"beta.Caryophyllene.oxide"	11.11	5.66e-05	2.222e-05	0.0049995	0.557357859531773	557.357859531773
"damaged-2016-Conti"	"damaged-2016"	"Conti"	"damaged"	2016	"ContiD4-16"	32	27.42	1	1000	2	50	27.42	0.912	450	"beta.Caryophyllene.oxide"	14.53	5.484e-05	2.906e-05	0.0065385	0.716940789473684	716.940789473684
"damaged-2016-Conti"	"damaged-2016"	"Conti"	"damaged"	2016	"ContiD5-16"	38	31.64	1	1000	2	50	31.64	0.892	450	"beta.Caryophyllene.oxide"	4.88	6.328e-05	9.76e-06	0.002196	0.246188340807175	246.188340807175
"tolerant-2015-MC"	"tolerant-2015"	"MC"	"tolerant"	2015	"MCH1-15"	3	82.34	10	1000	2	10	82.34	1.03	490	"alfa.Caryophyllene"	0	0.0016468	0	0	0	0
"tolerant-2015-MC"	"tolerant-2015"	"MC"	"tolerant"	2015	"MCH2-15"	5	25.06	10	1000	2	10	25.06	1.058	490	"alfa.Caryophyllene"	1.72	0.0005012	3.44e-05	0.008428	0.796597353497164	796.597353497164
"tolerant-2015-MC"	"tolerant-2015"	"MC"	"tolerant"	2015	"MCH3-15"	6	44.33	10	1000	2	10	44.33	1.08	490	"alfa.Caryophyllene"	1.58	0.0008866	3.16e-05	0.007742	0.716851851851852	716.851851851852
"tolerant-2015-MC"	"tolerant-2015"	"MC"	"tolerant"	2015	"MCH4-15"	7	26.03	10	1000	2	10	26.03	1.082	490	"alfa.Caryophyllene"	2.18	0.0005206	4.36e-05	0.010682	0.98724584103512	987.24584103512
"tolerant-2015-MC"	"tolerant-2015"	"MC"	"tolerant"	2015	"MCH5-15"	8	28.85	10	1000	2	10	28.85	1.053	490	"alfa.Caryophyllene"	1.91	0.000577	3.82e-05	0.009359	0.888793922127255	888.793922127255
"tolerant-2016-MC"	"tolerant-2016"	"MC"	"tolerant"	2016	"MCH1-16"	9	53.88	10	1000	2	10	53.88	1.075	490	"alfa.Caryophyllene"	1.69	0.0010776	3.38e-05	0.008281	0.770325581395349	770.325581395349
"tolerant-2016-MC"	"tolerant-2016"	"MC"	"tolerant"	2016	"MCH2-16"	10	47.46	10	1000	2	10	47.46	1.012	490	"alfa.Caryophyllene"	0	0.0009492	0	0	0	0
"tolerant-2016-MC"	"tolerant-2016"	"MC"	"tolerant"	2016	"MCH3-16"	11	76.12	10	1000	2	10	76.12	1.068	490	"alfa.Caryophyllene"	0	0.0015224	0	0	0	0
"tolerant-2016-MC"	"tolerant-2016"	"MC"	"tolerant"	2016	"MCH4-16"	12	68.18	10	1000	2	10	68.18	0.794	490	"alfa.Caryophyllene"	0	0.0013636	0	0	0	0
"tolerant-2016-MC"	"tolerant-2016"	"MC"	"tolerant"	2016	"MCH5-16"	13	56.81	10	1000	2	10	56.81	1.017	490	"alfa.Caryophyllene"	0.92	0.0011362	1.84e-05	0.004508	0.443264503441495	443.264503441495
"damaged-2015-MC"	"damaged-2015"	"MC"	"damaged"	2015	"MCD1-15"	14	70.26	10	1000	2	10	70.26	1.069	490	"alfa.Caryophyllene"	0.72	0.0014052	1.44e-05	0.003528	0.330028063610851	330.028063610851
"damaged-2015-MC"	"damaged-2015"	"MC"	"damaged"	2015	"MCD2-15"	15	124.58	10	1000	2	10	124.58	1.085	490	"alfa.Caryophyllene"	0	0.0024916	0	0	0	0
"damaged-2015-MC"	"damaged-2015"	"MC"	"damaged"	2015	"MCD3-15"	16	67.68	10	1000	2	10	67.68	1.07	490	"alfa.Caryophyllene"	0	0.0013536	0	0	0	0
"damaged-2015-MC"	"damaged-2015"	"MC"	"damaged"	2015	"MCD4-15"	17	77.92	10	1000	2	10	77.92	1.026	490	"alfa.Caryophyllene"	0.66	0.0015584	1.32e-05	0.003234	0.315204678362573	315.204678362573
"damaged-2015-MC"	"damaged-2015"	"MC"	"damaged"	2015	"MCD5-15"	46	25.66	1	1000	2	50	25.66	0.88	450	"alfa.Caryophyllene"	2.5	5.132e-05	5e-06	0.001125	0.127840909090909	127.840909090909
"damaged-2016-MC"	"damaged-2016"	"MC"	"damaged"	2016	"MCD1-16"	18	20.99	1	1000	2	50	20.99	1.017	450	"alfa.Caryophyllene"	2.51	4.198e-05	5.02e-06	0.0011295	0.111061946902655	111.061946902655
"damaged-2016-MC"	"damaged-2016"	"MC"	"damaged"	2016	"MCD2-16"	19	28.36	1	1000	2	50	28.36	1.02	450	"alfa.Caryophyllene"	1.71	5.672e-05	3.42e-06	0.0007695	0.0754411764705882	75.4411764705882
"damaged-2016-MC"	"damaged-2016"	"MC"	"damaged"	2016	"MCD3-16"	20	23.68	1	1000	2	50	23.68	1.081	450	"alfa.Caryophyllene"	1.71	4.736e-05	3.42e-06	0.0007695	0.0711840888066605	71.1840888066605
"damaged-2016-MC"	"damaged-2016"	"MC"	"damaged"	2016	"MCD4-16"	21	30.78	1	1000	2	50	30.78	1.061	450	"alfa.Caryophyllene"	1.94	6.156e-05	3.88e-06	0.000873	0.0822808671065033	82.2808671065033
"damaged-2016-MC"	"damaged-2016"	"MC"	"damaged"	2016	"MCD5-16"	22	27.42	1	1000	2	50	27.42	1.058	450	"alfa.Caryophyllene"	2.73	5.484e-05	5.46e-06	0.0012285	0.116115311909263	116.115311909263
"tolerant-2015-Conti"	"tolerant-2015"	"Conti"	"tolerant"	2015	"ContiH1-15"	33	28.38	1	1000	2	50	28.38	0.865	450	"alfa.Caryophyllene"	2.23	5.676e-05	4.46e-06	0.0010035	0.116011560693642	116.011560693642
"tolerant-2015-Conti"	"tolerant-2015"	"Conti"	"tolerant"	2015	"ContiH2-15"	34	54.42	1	1000	2	50	54.42	0.904	450	"alfa.Caryophyllene"	2.22	0.00010884	4.44e-06	0.000999	0.110508849557522	110.508849557522
"tolerant-2015-Conti"	"tolerant-2015"	"Conti"	"tolerant"	2015	"ContiH3-15"	35	25.79	1	1000	2	50	25.79	0.865	450	"alfa.Caryophyllene"	1.64	5.158e-05	3.28e-06	0.000738	0.0853179190751445	85.3179190751445
"tolerant-2015-Conti"	"tolerant-2015"	"Conti"	"tolerant"	2015	"ContiH4-15"	36	34.31	1	1000	2	50	34.31	0.861	450	"alfa.Caryophyllene"	0	6.862e-05	0	0	0	0
"tolerant-2015-Conti"	"tolerant-2015"	"Conti"	"tolerant"	2015	"ContiH5-15"	45	21.13	1	1000	2	50	21.13	0.862	450	"alfa.Caryophyllene"	1.69	4.226e-05	3.38e-06	0.0007605	0.0882250580046404	88.2250580046404
"tolerant-2016-Conti"	"tolerant-2016"	"Conti"	"tolerant"	2016	"ContiH1-16"	39	22.96	1	1000	2	50	22.96	0.85	450	"alfa.Caryophyllene"	2.35	4.592e-05	4.7e-06	0.0010575	0.124411764705882	124.411764705882
"tolerant-2016-Conti"	"tolerant-2016"	"Conti"	"tolerant"	2016	"ContiH2-16"	40	33.69	1	1000	2	50	33.69	0.873	450	"alfa.Caryophyllene"	1.95	6.738e-05	3.9e-06	0.0008775	0.100515463917526	100.515463917526
"tolerant-2016-Conti"	"tolerant-2016"	"Conti"	"tolerant"	2016	"ContiH3-16"	41	24.46	1	1000	2	50	24.46	0.875	450	"alfa.Caryophyllene"	1.74	4.892e-05	3.48e-06	0.000783	0.0894857142857143	89.4857142857143
"tolerant-2016-Conti"	"tolerant-2016"	"Conti"	"tolerant"	2016	"ContiH4-16"	42	28.35	1	1000	2	50	28.35	0.917	450	"alfa.Caryophyllene"	1.7	5.67e-05	3.4e-06	0.000765	0.0834242093784079	83.4242093784079
"tolerant-2016-Conti"	"tolerant-2016"	"Conti"	"tolerant"	2016	"ContiH5-16"	43	12.33	1	1000	2	50	12.33	0.862	450	"alfa.Caryophyllene"	0	2.466e-05	0	0	0	0
"damaged-2015-Conti"	"damaged-2015"	"Conti"	"damaged"	2015	"ContiD1-15"	23	9.81	1	1000	2	50	9.81	0.897	450	"alfa.Caryophyllene"	0	1.962e-05	0	0	0	0
"damaged-2015-Conti"	"damaged-2015"	"Conti"	"damaged"	2015	"ContiD2-15"	24	15.69	1	1000	2	50	15.69	0.91	450	"alfa.Caryophyllene"	2.79	3.138e-05	5.58e-06	0.0012555	0.137967032967033	137.967032967033
"damaged-2015-Conti"	"damaged-2015"	"Conti"	"damaged"	2015	"ContiD3-15"	44	27.02	1	1000	2	50	27.02	0.881	450	"alfa.Caryophyllene"	1.35	5.404e-05	2.7e-06	0.0006075	0.068955732122588	68.955732122588
"damaged-2015-Conti"	"damaged-2015"	"Conti"	"damaged"	2015	"ContiD4-15"	26	41.29	1	1000	2	50	41.29	0.901	450	"alfa.Caryophyllene"	0	8.258e-05	0	0	0	0
"damaged-2015-Conti"	"damaged-2015"	"Conti"	"damaged"	2015	"ContiD5-15"	27	32.75	1	1000	2	50	32.75	0.865	450	"alfa.Caryophyllene"	0	6.55e-05	0	0	0	0
"damaged-2016-Conti"	"damaged-2016"	"Conti"	"damaged"	2016	"ContiD1-16"	29	19.73	1	1000	2	50	19.73	0.896	450	"alfa.Caryophyllene"	2.23	3.946e-05	4.46e-06	0.0010035	0.111997767857143	111.997767857143
"damaged-2016-Conti"	"damaged-2016"	"Conti"	"damaged"	2016	"ContiD2-16"	30	22.09	1	1000	2	50	22.09	0.897	450	"alfa.Caryophyllene"	2.45	4.418e-05	4.9e-06	0.0011025	0.122909698996656	122.909698996656
"damaged-2016-Conti"	"damaged-2016"	"Conti"	"damaged"	2016	"ContiD3-16"	31	28.3	1	1000	2	50	28.3	0.897	450	"alfa.Caryophyllene"	1.66	5.66e-05	3.32e-06	0.000747	0.0832775919732441	83.2775919732441
"damaged-2016-Conti"	"damaged-2016"	"Conti"	"damaged"	2016	"ContiD4-16"	32	27.42	1	1000	2	50	27.42	0.912	450	"alfa.Caryophyllene"	1.79	5.484e-05	3.58e-06	0.0008055	0.0883223684210526	88.3223684210526
"damaged-2016-Conti"	"damaged-2016"	"Conti"	"damaged"	2016	"ContiD5-16"	38	31.64	1	1000	2	50	31.64	0.892	450	"alfa.Caryophyllene"	0	6.328e-05	0	0	0	0
"tolerant-2015-MC"	"tolerant-2015"	"MC"	"tolerant"	2015	"MCH1-15"	3	82.34	10	1000	2	10	82.34	1.03	490	"beta.Cubebene"	0.6	0.0016468	1.2e-05	0.00294	0.285436893203883	285.436893203883
"tolerant-2015-MC"	"tolerant-2015"	"MC"	"tolerant"	2015	"MCH2-15"	5	25.06	10	1000	2	10	25.06	1.058	490	"beta.Cubebene"	2.7	0.0005012	5.4e-05	0.01323	1.25047258979206	1250.47258979206
"tolerant-2015-MC"	"tolerant-2015"	"MC"	"tolerant"	2015	"MCH3-15"	6	44.33	10	1000	2	10	44.33	1.08	490	"beta.Cubebene"	0.79	0.0008866	1.58e-05	0.003871	0.358425925925926	358.425925925926
"tolerant-2015-MC"	"tolerant-2015"	"MC"	"tolerant"	2015	"MCH4-15"	7	26.03	10	1000	2	10	26.03	1.082	490	"beta.Cubebene"	2.64	0.0005206	5.28e-05	0.012936	1.19556377079482	1195.56377079482
"tolerant-2015-MC"	"tolerant-2015"	"MC"	"tolerant"	2015	"MCH5-15"	8	28.85	10	1000	2	10	28.85	1.053	490	"beta.Cubebene"	3.33	0.000577	6.66e-05	0.016317	1.54957264957265	1549.57264957265
"tolerant-2016-MC"	"tolerant-2016"	"MC"	"tolerant"	2016	"MCH1-16"	9	53.88	10	1000	2	10	53.88	1.075	490	"beta.Cubebene"	1.33	0.0010776	2.66e-05	0.006517	0.606232558139535	606.232558139535
"tolerant-2016-MC"	"tolerant-2016"	"MC"	"tolerant"	2016	"MCH2-16"	10	47.46	10	1000	2	10	47.46	1.012	490	"beta.Cubebene"	2.05	0.0009492	4.1e-05	0.010045	0.992588932806324	992.588932806324
"tolerant-2016-MC"	"tolerant-2016"	"MC"	"tolerant"	2016	"MCH3-16"	11	76.12	10	1000	2	10	76.12	1.068	490	"beta.Cubebene"	0	0.0015224	0	0	0	0
"tolerant-2016-MC"	"tolerant-2016"	"MC"	"tolerant"	2016	"MCH4-16"	12	68.18	10	1000	2	10	68.18	0.794	490	"beta.Cubebene"	0.98	0.0013636	1.96e-05	0.004802	0.604785894206549	604.785894206549
"tolerant-2016-MC"	"tolerant-2016"	"MC"	"tolerant"	2016	"MCH5-16"	13	56.81	10	1000	2	10	56.81	1.017	490	"beta.Cubebene"	1.29	0.0011362	2.58e-05	0.006321	0.621533923303835	621.533923303835
"damaged-2015-MC"	"damaged-2015"	"MC"	"damaged"	2015	"MCD1-15"	14	70.26	10	1000	2	10	70.26	1.069	490	"beta.Cubebene"	0.44	0.0014052	8.8e-06	0.002156	0.201683816651076	201.683816651076
"damaged-2015-MC"	"damaged-2015"	"MC"	"damaged"	2015	"MCD2-15"	15	124.58	10	1000	2	10	124.58	1.085	490	"beta.Cubebene"	1.41	0.0024916	2.82e-05	0.006909	0.636774193548387	636.774193548387
"damaged-2015-MC"	"damaged-2015"	"MC"	"damaged"	2015	"MCD3-15"	16	67.68	10	1000	2	10	67.68	1.07	490	"beta.Cubebene"	0.55	0.0013536	1.1e-05	0.002695	0.251869158878505	251.869158878505
"damaged-2015-MC"	"damaged-2015"	"MC"	"damaged"	2015	"MCD4-15"	17	77.92	10	1000	2	10	77.92	1.026	490	"beta.Cubebene"	0	0.0015584	0	0	0	0
"damaged-2015-MC"	"damaged-2015"	"MC"	"damaged"	2015	"MCD5-15"	46	25.66	1	1000	2	50	25.66	0.88	450	"beta.Cubebene"	1.43	5.132e-05	2.86e-06	0.0006435	0.073125	73.125
"damaged-2016-MC"	"damaged-2016"	"MC"	"damaged"	2016	"MCD1-16"	18	20.99	1	1000	2	50	20.99	1.017	450	"beta.Cubebene"	0	4.198e-05	0	0	0	0
"damaged-2016-MC"	"damaged-2016"	"MC"	"damaged"	2016	"MCD2-16"	19	28.36	1	1000	2	50	28.36	1.02	450	"beta.Cubebene"	2.11	5.672e-05	4.22e-06	0.0009495	0.0930882352941176	93.0882352941176
"damaged-2016-MC"	"damaged-2016"	"MC"	"damaged"	2016	"MCD3-16"	20	23.68	1	1000	2	50	23.68	1.081	450	"beta.Cubebene"	4.3	4.736e-05	8.6e-06	0.001935	0.17900092506938	179.00092506938
"damaged-2016-MC"	"damaged-2016"	"MC"	"damaged"	2016	"MCD4-16"	21	30.78	1	1000	2	50	30.78	1.061	450	"beta.Cubebene"	0	6.156e-05	0	0	0	0
"damaged-2016-MC"	"damaged-2016"	"MC"	"damaged"	2016	"MCD5-16"	22	27.42	1	1000	2	50	27.42	1.058	450	"beta.Cubebene"	5.09	5.484e-05	1.018e-05	0.0022905	0.216493383742911	216.493383742911
"tolerant-2015-Conti"	"tolerant-2015"	"Conti"	"tolerant"	2015	"ContiH1-15"	33	28.38	1	1000	2	50	28.38	0.865	450	"beta.Cubebene"	0	5.676e-05	0	0	0	0
"tolerant-2015-Conti"	"tolerant-2015"	"Conti"	"tolerant"	2015	"ContiH2-15"	34	54.42	1	1000	2	50	54.42	0.904	450	"beta.Cubebene"	0	0.00010884	0	0	0	0
"tolerant-2015-Conti"	"tolerant-2015"	"Conti"	"tolerant"	2015	"ContiH3-15"	35	25.79	1	1000	2	50	25.79	0.865	450	"beta.Cubebene"	1.79	5.158e-05	3.58e-06	0.0008055	0.093121387283237	93.121387283237
"tolerant-2015-Conti"	"tolerant-2015"	"Conti"	"tolerant"	2015	"ContiH4-15"	36	34.31	1	1000	2	50	34.31	0.861	450	"beta.Cubebene"	1.9	6.862e-05	3.8e-06	0.000855	0.0993031358885017	99.3031358885017
"tolerant-2015-Conti"	"tolerant-2015"	"Conti"	"tolerant"	2015	"ContiH5-15"	45	21.13	1	1000	2	50	21.13	0.862	450	"beta.Cubebene"	2.32	4.226e-05	4.64e-06	0.001044	0.121113689095128	121.113689095128
"tolerant-2016-Conti"	"tolerant-2016"	"Conti"	"tolerant"	2016	"ContiH1-16"	39	22.96	1	1000	2	50	22.96	0.85	450	"beta.Cubebene"	1.46	4.592e-05	2.92e-06	0.000657	0.0772941176470588	77.2941176470588
"tolerant-2016-Conti"	"tolerant-2016"	"Conti"	"tolerant"	2016	"ContiH2-16"	40	33.69	1	1000	2	50	33.69	0.873	450	"beta.Cubebene"	0	6.738e-05	0	0	0	0
"tolerant-2016-Conti"	"tolerant-2016"	"Conti"	"tolerant"	2016	"ContiH3-16"	41	24.46	1	1000	2	50	24.46	0.875	450	"beta.Cubebene"	2.29	4.892e-05	4.58e-06	0.0010305	0.117771428571429	117.771428571429
"tolerant-2016-Conti"	"tolerant-2016"	"Conti"	"tolerant"	2016	"ContiH4-16"	42	28.35	1	1000	2	50	28.35	0.917	450	"beta.Cubebene"	1.84	5.67e-05	3.68e-06	0.000828	0.0902944383860414	90.2944383860414
"tolerant-2016-Conti"	"tolerant-2016"	"Conti"	"tolerant"	2016	"ContiH5-16"	43	12.33	1	1000	2	50	12.33	0.862	450	"beta.Cubebene"	2.2	2.466e-05	4.4e-06	0.00099	0.114849187935035	114.849187935035
"damaged-2015-Conti"	"damaged-2015"	"Conti"	"damaged"	2015	"ContiD1-15"	23	9.81	1	1000	2	50	9.81	0.897	450	"beta.Cubebene"	0	1.962e-05	0	0	0	0
"damaged-2015-Conti"	"damaged-2015"	"Conti"	"damaged"	2015	"ContiD2-15"	24	15.69	1	1000	2	50	15.69	0.91	450	"beta.Cubebene"	0.88	3.138e-05	1.76e-06	0.000396	0.0435164835164835	43.5164835164835
"damaged-2015-Conti"	"damaged-2015"	"Conti"	"damaged"	2015	"ContiD3-15"	44	27.02	1	1000	2	50	27.02	0.881	450	"beta.Cubebene"	1.01	5.404e-05	2.02e-06	0.0004545	0.0515891032917139	51.5891032917139
"damaged-2015-Conti"	"damaged-2015"	"Conti"	"damaged"	2015	"ContiD4-15"	26	41.29	1	1000	2	50	41.29	0.901	450	"beta.Cubebene"	0	8.258e-05	0	0	0	0
"damaged-2015-Conti"	"damaged-2015"	"Conti"	"damaged"	2015	"ContiD5-15"	27	32.75	1	1000	2	50	32.75	0.865	450	"beta.Cubebene"	2.76	6.55e-05	5.52e-06	0.001242	0.143583815028902	143.583815028902
"damaged-2016-Conti"	"damaged-2016"	"Conti"	"damaged"	2016	"ContiD1-16"	29	19.73	1	1000	2	50	19.73	0.896	450	"beta.Cubebene"	0.98	3.946e-05	1.96e-06	0.000441	0.04921875	49.21875
"damaged-2016-Conti"	"damaged-2016"	"Conti"	"damaged"	2016	"ContiD2-16"	30	22.09	1	1000	2	50	22.09	0.897	450	"beta.Cubebene"	1.87	4.418e-05	3.74e-06	0.0008415	0.0938127090301003	93.8127090301003
"damaged-2016-Conti"	"damaged-2016"	"Conti"	"damaged"	2016	"ContiD3-16"	31	28.3	1	1000	2	50	28.3	0.897	450	"beta.Cubebene"	3.31	5.66e-05	6.62e-06	0.0014895	0.166053511705686	166.053511705686
"damaged-2016-Conti"	"damaged-2016"	"Conti"	"damaged"	2016	"ContiD4-16"	32	27.42	1	1000	2	50	27.42	0.912	450	"beta.Cubebene"	0	5.484e-05	0	0	0	0
"damaged-2016-Conti"	"damaged-2016"	"Conti"	"damaged"	2016	"ContiD5-16"	38	31.64	1	1000	2	50	31.64	0.892	450	"beta.Cubebene"	0	6.328e-05	0	0	0	0
"tolerant-2015-MC"	"tolerant-2015"	"MC"	"tolerant"	2015	"MCH1-15"	3	82.34	10	1000	2	10	82.34	1.03	490	"alfa.Cubenene"	0.53	0.0016468	1.06e-05	0.002597	0.252135922330097	252.135922330097
"tolerant-2015-MC"	"tolerant-2015"	"MC"	"tolerant"	2015	"MCH2-15"	5	25.06	10	1000	2	10	25.06	1.058	490	"alfa.Cubenene"	3.34	0.0005012	6.68e-05	0.016366	1.5468809073724	1546.8809073724
"tolerant-2015-MC"	"tolerant-2015"	"MC"	"tolerant"	2015	"MCH3-15"	6	44.33	10	1000	2	10	44.33	1.08	490	"alfa.Cubenene"	1.73	0.0008866	3.46e-05	0.008477	0.784907407407407	784.907407407407
"tolerant-2015-MC"	"tolerant-2015"	"MC"	"tolerant"	2015	"MCH4-15"	7	26.03	10	1000	2	10	26.03	1.082	490	"alfa.Cubenene"	1.02	0.0005206	2.04e-05	0.004998	0.461922365988909	461.922365988909
"tolerant-2015-MC"	"tolerant-2015"	"MC"	"tolerant"	2015	"MCH5-15"	8	28.85	10	1000	2	10	28.85	1.053	490	"alfa.Cubenene"	3.66	0.000577	7.32e-05	0.017934	1.7031339031339	1703.1339031339
"tolerant-2016-MC"	"tolerant-2016"	"MC"	"tolerant"	2016	"MCH1-16"	9	53.88	10	1000	2	10	53.88	1.075	490	"alfa.Cubenene"	0.95	0.0010776	1.9e-05	0.004655	0.433023255813954	433.023255813953
"tolerant-2016-MC"	"tolerant-2016"	"MC"	"tolerant"	2016	"MCH2-16"	10	47.46	10	1000	2	10	47.46	1.012	490	"alfa.Cubenene"	1.52	0.0009492	3.04e-05	0.007448	0.73596837944664	735.96837944664
"tolerant-2016-MC"	"tolerant-2016"	"MC"	"tolerant"	2016	"MCH3-16"	11	76.12	10	1000	2	10	76.12	1.068	490	"alfa.Cubenene"	0	0.0015224	0	0	0	0
"tolerant-2016-MC"	"tolerant-2016"	"MC"	"tolerant"	2016	"MCH4-16"	12	68.18	10	1000	2	10	68.18	0.794	490	"alfa.Cubenene"	0.31	0.0013636	6.2e-06	0.001519	0.191309823677582	191.309823677582
"tolerant-2016-MC"	"tolerant-2016"	"MC"	"tolerant"	2016	"MCH5-16"	13	56.81	10	1000	2	10	56.81	1.017	490	"alfa.Cubenene"	1.01	0.0011362	2.02e-05	0.004949	0.486627335299902	486.627335299902
"damaged-2015-MC"	"damaged-2015"	"MC"	"damaged"	2015	"MCD1-15"	14	70.26	10	1000	2	10	70.26	1.069	490	"alfa.Cubenene"	0.3	0.0014052	6e-06	0.00147	0.137511693171188	137.511693171188
"damaged-2015-MC"	"damaged-2015"	"MC"	"damaged"	2015	"MCD2-15"	15	124.58	10	1000	2	10	124.58	1.085	490	"alfa.Cubenene"	0.62	0.0024916	1.24e-05	0.003038	0.28	280
"damaged-2015-MC"	"damaged-2015"	"MC"	"damaged"	2015	"MCD3-15"	16	67.68	10	1000	2	10	67.68	1.07	490	"alfa.Cubenene"	0.33	0.0013536	6.6e-06	0.001617	0.151121495327103	151.121495327103
"damaged-2015-MC"	"damaged-2015"	"MC"	"damaged"	2015	"MCD4-15"	17	77.92	10	1000	2	10	77.92	1.026	490	"alfa.Cubenene"	0	0.0015584	0	0	0	0
"damaged-2015-MC"	"damaged-2015"	"MC"	"damaged"	2015	"MCD5-15"	46	25.66	1	1000	2	50	25.66	0.88	450	"alfa.Cubenene"	1.18	5.132e-05	2.36e-06	0.000531	0.0603409090909091	60.3409090909091
"damaged-2016-MC"	"damaged-2016"	"MC"	"damaged"	2016	"MCD1-16"	18	20.99	1	1000	2	50	20.99	1.017	450	"alfa.Cubenene"	1.44	4.198e-05	2.88e-06	0.000648	0.063716814159292	63.716814159292
"damaged-2016-MC"	"damaged-2016"	"MC"	"damaged"	2016	"MCD2-16"	19	28.36	1	1000	2	50	28.36	1.02	450	"alfa.Cubenene"	2.26	5.672e-05	4.52e-06	0.001017	0.0997058823529412	99.7058823529412
"damaged-2016-MC"	"damaged-2016"	"MC"	"damaged"	2016	"MCD3-16"	20	23.68	1	1000	2	50	23.68	1.081	450	"alfa.Cubenene"	1.13	4.736e-05	2.26e-06	0.0005085	0.0470397779833487	47.0397779833487
"damaged-2016-MC"	"damaged-2016"	"MC"	"damaged"	2016	"MCD4-16"	21	30.78	1	1000	2	50	30.78	1.061	450	"alfa.Cubenene"	0	6.156e-05	0	0	0	0
"damaged-2016-MC"	"damaged-2016"	"MC"	"damaged"	2016	"MCD5-16"	22	27.42	1	1000	2	50	27.42	1.058	450	"alfa.Cubenene"	1.78	5.484e-05	3.56e-06	0.000801	0.0757088846880907	75.7088846880907
"tolerant-2015-Conti"	"tolerant-2015"	"Conti"	"tolerant"	2015	"ContiH1-15"	33	28.38	1	1000	2	50	28.38	0.865	450	"alfa.Cubenene"	0.99	5.676e-05	1.98e-06	0.0004455	0.0515028901734104	51.5028901734104
"tolerant-2015-Conti"	"tolerant-2015"	"Conti"	"tolerant"	2015	"ContiH2-15"	34	54.42	1	1000	2	50	54.42	0.904	450	"alfa.Cubenene"	0	0.00010884	0	0	0	0
"tolerant-2015-Conti"	"tolerant-2015"	"Conti"	"tolerant"	2015	"ContiH3-15"	35	25.79	1	1000	2	50	25.79	0.865	450	"alfa.Cubenene"	2.64	5.158e-05	5.28e-06	0.001188	0.137341040462428	137.341040462428
"tolerant-2015-Conti"	"tolerant-2015"	"Conti"	"tolerant"	2015	"ContiH4-15"	36	34.31	1	1000	2	50	34.31	0.861	450	"alfa.Cubenene"	0.65	6.862e-05	1.3e-06	0.0002925	0.0339721254355401	33.9721254355401
"tolerant-2015-Conti"	"tolerant-2015"	"Conti"	"tolerant"	2015	"ContiH5-15"	45	21.13	1	1000	2	50	21.13	0.862	450	"alfa.Cubenene"	1.53	4.226e-05	3.06e-06	0.0006885	0.0798723897911833	79.8723897911833
"tolerant-2016-Conti"	"tolerant-2016"	"Conti"	"tolerant"	2016	"ContiH1-16"	39	22.96	1	1000	2	50	22.96	0.85	450	"alfa.Cubenene"	1.81	4.592e-05	3.62e-06	0.0008145	0.0958235294117647	95.8235294117647
"tolerant-2016-Conti"	"tolerant-2016"	"Conti"	"tolerant"	2016	"ContiH2-16"	40	33.69	1	1000	2	50	33.69	0.873	450	"alfa.Cubenene"	0	6.738e-05	0	0	0	0
"tolerant-2016-Conti"	"tolerant-2016"	"Conti"	"tolerant"	2016	"ContiH3-16"	41	24.46	1	1000	2	50	24.46	0.875	450	"alfa.Cubenene"	1.6	4.892e-05	3.2e-06	0.00072	0.0822857142857143	82.2857142857143
"tolerant-2016-Conti"	"tolerant-2016"	"Conti"	"tolerant"	2016	"ContiH4-16"	42	28.35	1	1000	2	50	28.35	0.917	450	"alfa.Cubenene"	0.79	5.67e-05	1.58e-06	0.0003555	0.0387677208287895	38.7677208287895
"tolerant-2016-Conti"	"tolerant-2016"	"Conti"	"tolerant"	2016	"ContiH5-16"	43	12.33	1	1000	2	50	12.33	0.862	450	"alfa.Cubenene"	1.41	2.466e-05	2.82e-06	0.0006345	0.0736078886310905	73.6078886310905
"damaged-2015-Conti"	"damaged-2015"	"Conti"	"damaged"	2015	"ContiD1-15"	23	9.81	1	1000	2	50	9.81	0.897	450	"alfa.Cubenene"	0	1.962e-05	0	0	0	0
"damaged-2015-Conti"	"damaged-2015"	"Conti"	"damaged"	2015	"ContiD2-15"	24	15.69	1	1000	2	50	15.69	0.91	450	"alfa.Cubenene"	2.17	3.138e-05	4.34e-06	0.0009765	0.107307692307692	107.307692307692
"damaged-2015-Conti"	"damaged-2015"	"Conti"	"damaged"	2015	"ContiD3-15"	44	27.02	1	1000	2	50	27.02	0.881	450	"alfa.Cubenene"	0.67	5.404e-05	1.34e-06	0.0003015	0.03422247446084	34.22247446084
"damaged-2015-Conti"	"damaged-2015"	"Conti"	"damaged"	2015	"ContiD4-15"	26	41.29	1	1000	2	50	41.29	0.901	450	"alfa.Cubenene"	0	8.258e-05	0	0	0	0
"damaged-2015-Conti"	"damaged-2015"	"Conti"	"damaged"	2015	"ContiD5-15"	27	32.75	1	1000	2	50	32.75	0.865	450	"alfa.Cubenene"	1.01	6.55e-05	2.02e-06	0.0004545	0.0525433526011561	52.5433526011561
"damaged-2016-Conti"	"damaged-2016"	"Conti"	"damaged"	2016	"ContiD1-16"	29	19.73	1	1000	2	50	19.73	0.896	450	"alfa.Cubenene"	0.47	3.946e-05	9.4e-07	0.0002115	0.0236049107142857	23.6049107142857
"damaged-2016-Conti"	"damaged-2016"	"Conti"	"damaged"	2016	"ContiD2-16"	30	22.09	1	1000	2	50	22.09	0.897	450	"alfa.Cubenene"	2.52	4.418e-05	5.04e-06	0.001134	0.126421404682274	126.421404682274
"damaged-2016-Conti"	"damaged-2016"	"Conti"	"damaged"	2016	"ContiD3-16"	31	28.3	1	1000	2	50	28.3	0.897	450	"alfa.Cubenene"	0	5.66e-05	0	0	0	0
"damaged-2016-Conti"	"damaged-2016"	"Conti"	"damaged"	2016	"ContiD4-16"	32	27.42	1	1000	2	50	27.42	0.912	450	"alfa.Cubenene"	0	5.484e-05	0	0	0	0
"damaged-2016-Conti"	"damaged-2016"	"Conti"	"damaged"	2016	"ContiD5-16"	38	31.64	1	1000	2	50	31.64	0.892	450	"alfa.Cubenene"	0.85	6.328e-05	1.7e-06	0.0003825	0.0428811659192825	42.8811659192825
"tolerant-2015-MC"	"tolerant-2015"	"MC"	"tolerant"	2015	"MCH1-15"	3	82.34	10	1000	2	10	82.34	1.03	490	"delta.Cadinene"	1.09	0.0016468	2.18e-05	0.005341	0.518543689320388	518.543689320388
"tolerant-2015-MC"	"tolerant-2015"	"MC"	"tolerant"	2015	"MCH2-15"	5	25.06	10	1000	2	10	25.06	1.058	490	"delta.Cadinene"	0	0.0005012	0	0	0	0
"tolerant-2015-MC"	"tolerant-2015"	"MC"	"tolerant"	2015	"MCH3-15"	6	44.33	10	1000	2	10	44.33	1.08	490	"delta.Cadinene"	3.87	0.0008866	7.74e-05	0.018963	1.75583333333333	1755.83333333333
"tolerant-2015-MC"	"tolerant-2015"	"MC"	"tolerant"	2015	"MCH4-15"	7	26.03	10	1000	2	10	26.03	1.082	490	"delta.Cadinene"	8.94	0.0005206	0.0001788	0.043806	4.04861367837338	4048.61367837338
"tolerant-2015-MC"	"tolerant-2015"	"MC"	"tolerant"	2015	"MCH5-15"	8	28.85	10	1000	2	10	28.85	1.053	490	"delta.Cadinene"	5.27	0.000577	0.0001054	0.025823	2.45232668566002	2452.32668566002
"tolerant-2016-MC"	"tolerant-2016"	"MC"	"tolerant"	2016	"MCH1-16"	9	53.88	10	1000	2	10	53.88	1.075	490	"delta.Cadinene"	2.45	0.0010776	4.9e-05	0.012005	1.11674418604651	1116.74418604651
"tolerant-2016-MC"	"tolerant-2016"	"MC"	"tolerant"	2016	"MCH2-16"	10	47.46	10	1000	2	10	47.46	1.012	490	"delta.Cadinene"	2.82	0.0009492	5.64e-05	0.013818	1.36541501976285	1365.41501976285
"tolerant-2016-MC"	"tolerant-2016"	"MC"	"tolerant"	2016	"MCH3-16"	11	76.12	10	1000	2	10	76.12	1.068	490	"delta.Cadinene"	0.71	0.0015224	1.42e-05	0.003479	0.325749063670412	325.749063670412
"tolerant-2016-MC"	"tolerant-2016"	"MC"	"tolerant"	2016	"MCH4-16"	12	68.18	10	1000	2	10	68.18	0.794	490	"delta.Cadinene"	2.11	0.0013636	4.22e-05	0.010339	1.30214105793451	1302.14105793451
"tolerant-2016-MC"	"tolerant-2016"	"MC"	"tolerant"	2016	"MCH5-16"	13	56.81	10	1000	2	10	56.81	1.017	490	"delta.Cadinene"	2.38	0.0011362	4.76e-05	0.011662	1.14670599803343	1146.70599803343
"damaged-2015-MC"	"damaged-2015"	"MC"	"damaged"	2015	"MCD1-15"	14	70.26	10	1000	2	10	70.26	1.069	490	"delta.Cadinene"	1.9	0.0014052	3.8e-05	0.00931	0.870907390084191	870.907390084191
"damaged-2015-MC"	"damaged-2015"	"MC"	"damaged"	2015	"MCD2-15"	15	124.58	10	1000	2	10	124.58	1.085	490	"delta.Cadinene"	1.48	0.0024916	2.96e-05	0.007252	0.668387096774194	668.387096774194
"damaged-2015-MC"	"damaged-2015"	"MC"	"damaged"	2015	"MCD3-15"	16	67.68	10	1000	2	10	67.68	1.07	490	"delta.Cadinene"	2.13	0.0013536	4.26e-05	0.010437	0.975420560747664	975.420560747664
"damaged-2015-MC"	"damaged-2015"	"MC"	"damaged"	2015	"MCD4-15"	17	77.92	10	1000	2	10	77.92	1.026	490	"delta.Cadinene"	0.31	0.0015584	6.2e-06	0.001519	0.148050682261209	148.050682261209
"damaged-2015-MC"	"damaged-2015"	"MC"	"damaged"	2015	"MCD5-15"	46	25.66	1	1000	2	50	25.66	0.88	450	"delta.Cadinene"	3.42	5.132e-05	6.84e-06	0.001539	0.174886363636364	174.886363636364
"damaged-2016-MC"	"damaged-2016"	"MC"	"damaged"	2016	"MCD1-16"	18	20.99	1	1000	2	50	20.99	1.017	450	"delta.Cadinene"	6.56	4.198e-05	1.312e-05	0.002952	0.290265486725664	290.265486725664
"damaged-2016-MC"	"damaged-2016"	"MC"	"damaged"	2016	"MCD2-16"	19	28.36	1	1000	2	50	28.36	1.02	450	"delta.Cadinene"	5.96	5.672e-05	1.192e-05	0.002682	0.262941176470588	262.941176470588
"damaged-2016-MC"	"damaged-2016"	"MC"	"damaged"	2016	"MCD3-16"	20	23.68	1	1000	2	50	23.68	1.081	450	"delta.Cadinene"	6.26	4.736e-05	1.252e-05	0.002817	0.26059204440333	260.59204440333
"damaged-2016-MC"	"damaged-2016"	"MC"	"damaged"	2016	"MCD4-16"	21	30.78	1	1000	2	50	30.78	1.061	450	"delta.Cadinene"	0.69	6.156e-05	1.38e-06	0.0003105	0.0292648444863336	29.2648444863336
"damaged-2016-MC"	"damaged-2016"	"MC"	"damaged"	2016	"MCD5-16"	22	27.42	1	1000	2	50	27.42	1.058	450	"delta.Cadinene"	4.28	5.484e-05	8.56e-06	0.001926	0.182041587901701	182.041587901701
"tolerant-2015-Conti"	"tolerant-2015"	"Conti"	"tolerant"	2015	"ContiH1-15"	33	28.38	1	1000	2	50	28.38	0.865	450	"delta.Cadinene"	14.48	5.676e-05	2.896e-05	0.006516	0.753294797687861	753.294797687861
"tolerant-2015-Conti"	"tolerant-2015"	"Conti"	"tolerant"	2015	"ContiH2-15"	34	54.42	1	1000	2	50	54.42	0.904	450	"delta.Cadinene"	1.52	0.00010884	3.04e-06	0.000684	0.0756637168141593	75.6637168141593
"tolerant-2015-Conti"	"tolerant-2015"	"Conti"	"tolerant"	2015	"ContiH3-15"	35	25.79	1	1000	2	50	25.79	0.865	450	"delta.Cadinene"	2.4	5.158e-05	4.8e-06	0.00108	0.12485549132948	124.85549132948
"tolerant-2015-Conti"	"tolerant-2015"	"Conti"	"tolerant"	2015	"ContiH4-15"	36	34.31	1	1000	2	50	34.31	0.861	450	"delta.Cadinene"	12.84	6.862e-05	2.568e-05	0.005778	0.671080139372822	671.080139372822
"tolerant-2015-Conti"	"tolerant-2015"	"Conti"	"tolerant"	2015	"ContiH5-15"	45	21.13	1	1000	2	50	21.13	0.862	450	"delta.Cadinene"	2.69	4.226e-05	5.38e-06	0.0012105	0.140429234338747	140.429234338747
"tolerant-2016-Conti"	"tolerant-2016"	"Conti"	"tolerant"	2016	"ContiH1-16"	39	22.96	1	1000	2	50	22.96	0.85	450	"delta.Cadinene"	2.84	4.592e-05	5.68e-06	0.001278	0.150352941176471	150.352941176471
"tolerant-2016-Conti"	"tolerant-2016"	"Conti"	"tolerant"	2016	"ContiH2-16"	40	33.69	1	1000	2	50	33.69	0.873	450	"delta.Cadinene"	1.27	6.738e-05	2.54e-06	0.0005715	0.0654639175257732	65.4639175257732
"tolerant-2016-Conti"	"tolerant-2016"	"Conti"	"tolerant"	2016	"ContiH3-16"	41	24.46	1	1000	2	50	24.46	0.875	450	"delta.Cadinene"	2.93	4.892e-05	5.86e-06	0.0013185	0.150685714285714	150.685714285714
"tolerant-2016-Conti"	"tolerant-2016"	"Conti"	"tolerant"	2016	"ContiH4-16"	42	28.35	1	1000	2	50	28.35	0.917	450	"delta.Cadinene"	5.41	5.67e-05	1.082e-05	0.0024345	0.265485278080698	265.485278080698
"tolerant-2016-Conti"	"tolerant-2016"	"Conti"	"tolerant"	2016	"ContiH5-16"	43	12.33	1	1000	2	50	12.33	0.862	450	"delta.Cadinene"	2.91	2.466e-05	5.82e-06	0.0013095	0.151914153132251	151.914153132251
"damaged-2015-Conti"	"damaged-2015"	"Conti"	"damaged"	2015	"ContiD1-15"	23	9.81	1	1000	2	50	9.81	0.897	450	"delta.Cadinene"	8.5	1.962e-05	1.7e-05	0.003825	0.426421404682274	426.421404682274
"damaged-2015-Conti"	"damaged-2015"	"Conti"	"damaged"	2015	"ContiD2-15"	24	15.69	1	1000	2	50	15.69	0.91	450	"delta.Cadinene"	5.08	3.138e-05	1.016e-05	0.002286	0.251208791208791	251.208791208791
"damaged-2015-Conti"	"damaged-2015"	"Conti"	"damaged"	2015	"ContiD3-15"	44	27.02	1	1000	2	50	27.02	0.881	450	"delta.Cadinene"	29.33	5.404e-05	5.866e-05	0.0131985	1.49812712826334	1498.12712826334
"damaged-2015-Conti"	"damaged-2015"	"Conti"	"damaged"	2015	"ContiD4-15"	26	41.29	1	1000	2	50	41.29	0.901	450	"delta.Cadinene"	1.27	8.258e-05	2.54e-06	0.0005715	0.0634295227524972	63.4295227524972
"damaged-2015-Conti"	"damaged-2015"	"Conti"	"damaged"	2015	"ContiD5-15"	27	32.75	1	1000	2	50	32.75	0.865	450	"delta.Cadinene"	3.88	6.55e-05	7.76e-06	0.001746	0.201849710982659	201.849710982659
"damaged-2016-Conti"	"damaged-2016"	"Conti"	"damaged"	2016	"ContiD1-16"	29	19.73	1	1000	2	50	19.73	0.896	450	"delta.Cadinene"	5.24	3.946e-05	1.048e-05	0.002358	0.263169642857143	263.169642857143
"damaged-2016-Conti"	"damaged-2016"	"Conti"	"damaged"	2016	"ContiD2-16"	30	22.09	1	1000	2	50	22.09	0.897	450	"delta.Cadinene"	3.44	4.418e-05	6.88e-06	0.001548	0.17257525083612	172.57525083612
"damaged-2016-Conti"	"damaged-2016"	"Conti"	"damaged"	2016	"ContiD3-16"	31	28.3	1	1000	2	50	28.3	0.897	450	"delta.Cadinene"	13.36	5.66e-05	2.672e-05	0.006012	0.670234113712375	670.234113712375
"damaged-2016-Conti"	"damaged-2016"	"Conti"	"damaged"	2016	"ContiD4-16"	32	27.42	1	1000	2	50	27.42	0.912	450	"delta.Cadinene"	0.57	5.484e-05	1.14e-06	0.0002565	0.028125	28.125
"damaged-2016-Conti"	"damaged-2016"	"Conti"	"damaged"	2016	"ContiD5-16"	38	31.64	1	1000	2	50	31.64	0.892	450	"delta.Cadinene"	3.4	6.328e-05	6.8e-06	0.00153	0.17152466367713	171.52466367713
"tolerant-2015-MC"	"tolerant-2015"	"MC"	"tolerant"	2015	"MCH1-15"	3	82.34	10	1000	2	10	82.34	1.03	490	"alfa.Muurolene"	0.35	0.0016468	7e-06	0.001715	0.166504854368932	166.504854368932
"tolerant-2015-MC"	"tolerant-2015"	"MC"	"tolerant"	2015	"MCH2-15"	5	25.06	10	1000	2	10	25.06	1.058	490	"alfa.Muurolene"	1.71	0.0005012	3.42e-05	0.008379	0.791965973534972	791.965973534972
"tolerant-2015-MC"	"tolerant-2015"	"MC"	"tolerant"	2015	"MCH3-15"	6	44.33	10	1000	2	10	44.33	1.08	490	"alfa.Muurolene"	0	0.0008866	0	0	0	0
"tolerant-2015-MC"	"tolerant-2015"	"MC"	"tolerant"	2015	"MCH4-15"	7	26.03	10	1000	2	10	26.03	1.082	490	"alfa.Muurolene"	1.22	0.0005206	2.44e-05	0.005978	0.552495378927911	552.495378927911
"tolerant-2015-MC"	"tolerant-2015"	"MC"	"tolerant"	2015	"MCH5-15"	8	28.85	10	1000	2	10	28.85	1.053	490	"alfa.Muurolene"	2.02	0.000577	4.04e-05	0.009898	0.939981006647673	939.981006647673
"tolerant-2016-MC"	"tolerant-2016"	"MC"	"tolerant"	2016	"MCH1-16"	9	53.88	10	1000	2	10	53.88	1.075	490	"alfa.Muurolene"	0	0.0010776	0	0	0	0
"tolerant-2016-MC"	"tolerant-2016"	"MC"	"tolerant"	2016	"MCH2-16"	10	47.46	10	1000	2	10	47.46	1.012	490	"alfa.Muurolene"	1.35	0.0009492	2.7e-05	0.006615	0.653656126482213	653.656126482213
"tolerant-2016-MC"	"tolerant-2016"	"MC"	"tolerant"	2016	"MCH3-16"	11	76.12	10	1000	2	10	76.12	1.068	490	"alfa.Muurolene"	0	0.0015224	0	0	0	0
"tolerant-2016-MC"	"tolerant-2016"	"MC"	"tolerant"	2016	"MCH4-16"	12	68.18	10	1000	2	10	68.18	0.794	490	"alfa.Muurolene"	0.36	0.0013636	7.2e-06	0.001764	0.222166246851385	222.166246851385
"tolerant-2016-MC"	"tolerant-2016"	"MC"	"tolerant"	2016	"MCH5-16"	13	56.81	10	1000	2	10	56.81	1.017	490	"alfa.Muurolene"	0.95	0.0011362	1.9e-05	0.004655	0.45771878072763	457.71878072763
"damaged-2015-MC"	"damaged-2015"	"MC"	"damaged"	2015	"MCD1-15"	14	70.26	10	1000	2	10	70.26	1.069	490	"alfa.Muurolene"	0	0.0014052	0	0	0	0
"damaged-2015-MC"	"damaged-2015"	"MC"	"damaged"	2015	"MCD2-15"	15	124.58	10	1000	2	10	124.58	1.085	490	"alfa.Muurolene"	0.56	0.0024916	1.12e-05	0.002744	0.252903225806452	252.903225806452
"damaged-2015-MC"	"damaged-2015"	"MC"	"damaged"	2015	"MCD3-15"	16	67.68	10	1000	2	10	67.68	1.07	490	"alfa.Muurolene"	0.52	0.0013536	1.04e-05	0.002548	0.238130841121495	238.130841121495
"damaged-2015-MC"	"damaged-2015"	"MC"	"damaged"	2015	"MCD4-15"	17	77.92	10	1000	2	10	77.92	1.026	490	"alfa.Muurolene"	0	0.0015584	0	0	0	0
"damaged-2015-MC"	"damaged-2015"	"MC"	"damaged"	2015	"MCD5-15"	46	25.66	1	1000	2	50	25.66	0.88	450	"alfa.Muurolene"	2.03	5.132e-05	4.06e-06	0.0009135	0.103806818181818	103.806818181818
"damaged-2016-MC"	"damaged-2016"	"MC"	"damaged"	2016	"MCD1-16"	18	20.99	1	1000	2	50	20.99	1.017	450	"alfa.Muurolene"	1.1	4.198e-05	2.2e-06	0.000495	0.0486725663716814	48.6725663716814
"damaged-2016-MC"	"damaged-2016"	"MC"	"damaged"	2016	"MCD2-16"	19	28.36	1	1000	2	50	28.36	1.02	450	"alfa.Muurolene"	1.38	5.672e-05	2.76e-06	0.000621	0.0608823529411765	60.8823529411765
"damaged-2016-MC"	"damaged-2016"	"MC"	"damaged"	2016	"MCD3-16"	20	23.68	1	1000	2	50	23.68	1.081	450	"alfa.Muurolene"	1.26	4.736e-05	2.52e-06	0.000567	0.0524514338575393	52.4514338575393
"damaged-2016-MC"	"damaged-2016"	"MC"	"damaged"	2016	"MCD4-16"	21	30.78	1	1000	2	50	30.78	1.061	450	"alfa.Muurolene"	0	6.156e-05	0	0	0	0
"damaged-2016-MC"	"damaged-2016"	"MC"	"damaged"	2016	"MCD5-16"	22	27.42	1	1000	2	50	27.42	1.058	450	"alfa.Muurolene"	1.9	5.484e-05	3.8e-06	0.000855	0.080812854442344	80.812854442344
"tolerant-2015-Conti"	"tolerant-2015"	"Conti"	"tolerant"	2015	"ContiH1-15"	33	28.38	1	1000	2	50	28.38	0.865	450	"alfa.Muurolene"	1.33	5.676e-05	2.66e-06	0.0005985	0.0691907514450867	69.1907514450867
"tolerant-2015-Conti"	"tolerant-2015"	"Conti"	"tolerant"	2015	"ContiH2-15"	34	54.42	1	1000	2	50	54.42	0.904	450	"alfa.Muurolene"	0	0.00010884	0	0	0	0
"tolerant-2015-Conti"	"tolerant-2015"	"Conti"	"tolerant"	2015	"ContiH3-15"	35	25.79	1	1000	2	50	25.79	0.865	450	"alfa.Muurolene"	1.66	5.158e-05	3.32e-06	0.000747	0.0863583815028902	86.3583815028902
"tolerant-2015-Conti"	"tolerant-2015"	"Conti"	"tolerant"	2015	"ContiH4-15"	36	34.31	1	1000	2	50	34.31	0.861	450	"alfa.Muurolene"	0	6.862e-05	0	0	0	0
"tolerant-2015-Conti"	"tolerant-2015"	"Conti"	"tolerant"	2015	"ContiH5-15"	45	21.13	1	1000	2	50	21.13	0.862	450	"alfa.Muurolene"	2.21	4.226e-05	4.42e-06	0.0009945	0.115371229698376	115.371229698376
"tolerant-2016-Conti"	"tolerant-2016"	"Conti"	"tolerant"	2016	"ContiH1-16"	39	22.96	1	1000	2	50	22.96	0.85	450	"alfa.Muurolene"	1.19	4.592e-05	2.38e-06	0.0005355	0.063	63
"tolerant-2016-Conti"	"tolerant-2016"	"Conti"	"tolerant"	2016	"ContiH2-16"	40	33.69	1	1000	2	50	33.69	0.873	450	"alfa.Muurolene"	0	6.738e-05	0	0	0	0
"tolerant-2016-Conti"	"tolerant-2016"	"Conti"	"tolerant"	2016	"ContiH3-16"	41	24.46	1	1000	2	50	24.46	0.875	450	"alfa.Muurolene"	1.69	4.892e-05	3.38e-06	0.0007605	0.0869142857142857	86.9142857142857
"tolerant-2016-Conti"	"tolerant-2016"	"Conti"	"tolerant"	2016	"ContiH4-16"	42	28.35	1	1000	2	50	28.35	0.917	450	"alfa.Muurolene"	1.02	5.67e-05	2.04e-06	0.000459	0.0500545256270447	50.0545256270447
"tolerant-2016-Conti"	"tolerant-2016"	"Conti"	"tolerant"	2016	"ContiH5-16"	43	12.33	1	1000	2	50	12.33	0.862	450	"alfa.Muurolene"	1.95	2.466e-05	3.9e-06	0.0008775	0.101798143851508	101.798143851508
"damaged-2015-Conti"	"damaged-2015"	"Conti"	"damaged"	2015	"ContiD1-15"	23	9.81	1	1000	2	50	9.81	0.897	450	"alfa.Muurolene"	2.51	1.962e-05	5.02e-06	0.0011295	0.125919732441472	125.919732441472
"damaged-2015-Conti"	"damaged-2015"	"Conti"	"damaged"	2015	"ContiD2-15"	24	15.69	1	1000	2	50	15.69	0.91	450	"alfa.Muurolene"	2.32	3.138e-05	4.64e-06	0.001044	0.114725274725275	114.725274725275
"damaged-2015-Conti"	"damaged-2015"	"Conti"	"damaged"	2015	"ContiD3-15"	44	27.02	1	1000	2	50	27.02	0.881	450	"alfa.Muurolene"	0	5.404e-05	0	0	0	0
"damaged-2015-Conti"	"damaged-2015"	"Conti"	"damaged"	2015	"ContiD4-15"	26	41.29	1	1000	2	50	41.29	0.901	450	"alfa.Muurolene"	0	8.258e-05	0	0	0	0
"damaged-2015-Conti"	"damaged-2015"	"Conti"	"damaged"	2015	"ContiD5-15"	27	32.75	1	1000	2	50	32.75	0.865	450	"alfa.Muurolene"	1.51	6.55e-05	3.02e-06	0.0006795	0.0785549132947977	78.5549132947977
"damaged-2016-Conti"	"damaged-2016"	"Conti"	"damaged"	2016	"ContiD1-16"	29	19.73	1	1000	2	50	19.73	0.896	450	"alfa.Muurolene"	0	3.946e-05	0	0	0	0
"damaged-2016-Conti"	"damaged-2016"	"Conti"	"damaged"	2016	"ContiD2-16"	30	22.09	1	1000	2	50	22.09	0.897	450	"alfa.Muurolene"	1.61	4.418e-05	3.22e-06	0.0007245	0.0807692307692307	80.7692307692307
"damaged-2016-Conti"	"damaged-2016"	"Conti"	"damaged"	2016	"ContiD3-16"	31	28.3	1	1000	2	50	28.3	0.897	450	"alfa.Muurolene"	1.01	5.66e-05	2.02e-06	0.0004545	0.0506688963210702	50.6688963210702
"damaged-2016-Conti"	"damaged-2016"	"Conti"	"damaged"	2016	"ContiD4-16"	32	27.42	1	1000	2	50	27.42	0.912	450	"alfa.Muurolene"	0	5.484e-05	0	0	0	0
"damaged-2016-Conti"	"damaged-2016"	"Conti"	"damaged"	2016	"ContiD5-16"	38	31.64	1	1000	2	50	31.64	0.892	450	"alfa.Muurolene"	0	6.328e-05	0	0	0	0
